name: scikit
channels:
  - conda-forge
  - defaults
dependencies:
  - blas=1.0=mkl
  - bottleneck=1.3.5=py312he558020_0
  - bzip2=1.0.8=he774522_0
  - ca-certificates=2023.11.17=h56e8100_0
  - colorama=0.4.6=py312haa95532_0
  - expat=2.5.0=hd77b12b_0
  - intel-openmp=2023.1.0=h59b6b97_46320
  - joblib=1.3.2=pyhd8ed1ab_0
  - libblas=3.9.0=1_h8933c1f_netlib
  - libcblas=3.9.0=5_hd5c7e75_netlib
  - libexpat=2.5.0=h63175ca_1
  - libffi=3.4.4=hd77b12b_0
  - liblapack=3.9.0=5_hd5c7e75_netlib
  - libsqlite=3.44.2=hcfcfb64_0
  - libzlib=1.2.13=hcfcfb64_5
  - m2w64-gcc-libgfortran=5.3.0=6
  - m2w64-gcc-libs=5.3.0=7
  - m2w64-gcc-libs-core=5.3.0=7
  - m2w64-gmp=6.1.0=2
  - m2w64-libwinpthread-git=5.0.0.4634.697f757=2
  - mkl=2023.1.0=h6b88ed4_46358
  - mkl-service=2.4.0=py312h2bbff1b_1
  - mkl_fft=1.3.8=py312h2bbff1b_0
  - mkl_random=1.2.4=py312h59b6b97_0
  - msys2-conda-epoch=20160418=1
  - numexpr=2.8.7=py312h96b7d27_0
  - numpy=1.26.2=py312hfd52020_0
  - numpy-base=1.26.2=py312h4dde369_0
  - openssl=3.2.0=hcfcfb64_1
  - pandas=2.1.1=py312hc7c4135_0
  - pip=23.3=py312haa95532_0
  - python=3.12.0=h2628c8c_0_cpython
  - python-dateutil=2.8.2=pyhd3eb1b0_0
  - python-tzdata=2023.3=pyhd3eb1b0_0
  - python_abi=3.12=4_cp312
  - pytz=2023.3.post1=py312haa95532_0
  - scikit-learn=1.3.2=py312hcacafb1_1
  - scipy=1.11.4=py312h8753938_0
  - setuptools=68.0.0=py312haa95532_0
  - six=1.16.0=pyhd3eb1b0_1
  - sqlite=3.41.2=h2bbff1b_0
  - tbb=2021.8.0=h59b6b97_0
  - threadpoolctl=3.2.0=pyha21a80b_0
  - tk=8.6.13=h5226925_1
  - tqdm=4.63.0=pyhd3eb1b0_0
  - tzdata=2023c=h04d1e81_0
  - ucrt=10.0.22621.0=h57928b3_0
  - vc=14.2=h21ff451_1
  - vc14_runtime=14.36.32532=hdcecf7f_17
  - vs2015_runtime=14.36.32532=h05e6639_17
  - wheel=0.41.2=py312haa95532_0
  - xz=5.4.2=h8cc25b3_0
  - zlib=1.2.13=hcfcfb64_5
prefix: E:\Apps_Exes\conda\installation\envs\scikit
